1
0
332.012421
257.196930
6
529.973572
288.801117
424.426605
404.578766
571.060547
366.645142
241.470947
412.288086
479.689667
446.273743
494.184265
152.681290
14
337.389069
-19.178902
0.217003
-0.976171
410.939240
83.378067
0.458018
-0.888943
258.484985
296.560364
-0.838084
-0.545541
188.046356
221.632446
-0.269820
-0.962911
324.016510
328.460815
-0.796898
-0.604114
232.186676
286.630310
-0.073682
-0.997282
377.020569
199.035355
-0.929870
0.367889
428.636597
277.195068
-0.993506
-0.113780
412.288544
386.633087
-0.748901
-0.662681
389.923492
363.038910
-0.638939
-0.769257
261.107391
361.985260
0.363637
-0.931541
446.746399
178.481171
-0.878482
0.477776
500.327148
284.207458
-0.988207
-0.153125
468.609955
432.087921
-0.615543
-0.788103
